int^int^int^int^array^int
id^difficulty^class^exec_time^monster_info^class_factor
^难度级别^轮数^本轮开始后的刷新时间^怪物种类和数量^轮数难度系数（百分比）
1^1^1^0^1,1|1,1|1,1|1,1|1,1|1,1|1,1|1,1|1,1|1,1^110
2^1^1^5^1,2|1,2|1,2|1,2|1,2|2,2|2,2|2,2|2,2|2,2^110
3^1^1^10^1,3|1,3|1,3|1,3|1,3|2,3|2,3|2,3|2,3|2,3^110
4^1^1^15^1,1|1,1|1,1|1,1|1,1|1,1|1,1|1,1|1,1|1,1^110
5^1^1^20^1,2|1,2|1,2|1,2|1,2|2,2|2,2|2,2|2,2|2,2^110
6^1^2^0^1,3|1,3|1,3|1,3|1,3|2,3|2,3|2,3|2,3|2,3^120
7^1^2^3^1,1|1,1|1,1|1,1|1,1|1,1|1,1|1,1|1,1|1,1^120
8^1^2^6^1,2|1,2|1,2|1,2|1,2|2,2|2,2|2,2|2,2|2,2^120
9^1^2^9^1,3|1,3|1,3|1,3|1,3|2,3|2,3|2,3|2,3|2,3^120
10^1^2^12^1,1|1,1|1,1|1,1|1,1|1,1|1,1|1,1|1,1|1,1^120
11^1^3^0^1,3|1,3|1,3|1,3|1,3|2,3|2,3|2,3|2,3|2,3^130
12^1^3^3^1,1|1,1|1,1|1,1|1,1|1,1|1,1|1,1|1,1|1,1^130
13^1^3^6^1,2|1,2|1,2|1,2|1,2|2,2|2,2|2,2|2,2|2,2^130
14^1^3^9^1,3|1,3|1,3|1,3|1,3|2,3|2,3|2,3|2,3|2,3^130
15^1^3^12^1,1|1,1|1,1|1,1|1,1|1,1|1,1|1,1|1,1|1,1^130
16^1^4^0^1,3|1,3|1,3|1,3|1,3|2,3|2,3|2,3|2,3|2,3^140
17^1^4^3^1,1|1,1|1,1|1,1|1,1|1,1|1,1|1,1|1,1|1,1^140
18^1^4^6^1,2|1,2|1,2|1,2|1,2|2,2|2,2|2,2|2,2|2,2^140
19^1^4^9^1,3|1,3|1,3|1,3|1,3|2,3|2,3|2,3|2,3|2,3^140
20^1^4^12^1,1|1,1|1,1|1,1|1,1|1,1|1,1|1,1|1,1|1,1^140
21^1^5^0^1,3|1,3|1,3|1,3|1,3|2,3|2,3|2,3|2,3|2,3^150
22^1^5^3^1,1|1,1|1,1|1,1|1,1|1,1|1,1|1,1|1,1|1,1^150
23^1^5^6^1,2|1,2|1,2|1,2|1,2|2,2|2,2|2,2|2,2|2,2^150
24^1^5^9^1,3|1,3|1,3|1,3|1,3|2,3|2,3|2,3|2,3|2,3^150
25^1^5^12^1,1|1,1|1,1|1,1|1,1|1,1|1,1|1,1|1,1|1,1^150
26^1^6^0^1,3|1,3|1,3|1,3|1,3|2,3|2,3|2,3|2,3|2,3^160
27^1^6^3^1,1|1,1|1,1|1,1|1,1|1,1|1,1|1,1|1,1|1,1^160
28^1^6^6^1,2|1,2|1,2|1,2|1,2|2,2|2,2|2,2|2,2|2,2^160
29^1^6^9^1,3|1,3|1,3|1,3|1,3|2,3|2,3|2,3|2,3|2,3^160
30^1^6^12^1,1|1,1|1,1|1,1|1,1|1,1|1,1|1,1|1,1|1,1^160
31^1^7^0^1,3|1,3|1,3|1,3|1,3|2,3|2,3|2,3|2,3|2,3^170
32^1^7^3^1,1|1,1|1,1|1,1|1,1|1,1|1,1|1,1|1,1|1,1^170
33^1^7^6^1,2|1,2|1,2|1,2|1,2|2,2|2,2|2,2|2,2|2,2^170
34^1^7^9^1,3|1,3|1,3|1,3|1,3|2,3|2,3|2,3|2,3|2,3^170
35^1^7^12^1,1|1,1|1,1|1,1|1,1|1,1|1,1|1,1|1,1|1,1^170
36^1^8^0^1,3|1,3|1,3|1,3|1,3|2,3|2,3|2,3|2,3|2,3^180
37^1^8^3^1,1|1,1|1,1|1,1|1,1|1,1|1,1|1,1|1,1|1,1^180
38^1^8^6^1,2|1,2|1,2|1,2|1,2|2,2|2,2|2,2|2,2|2,2^180
39^1^8^9^1,3|1,3|1,3|1,3|1,3|2,3|2,3|2,3|2,3|2,3^180
40^1^8^12^1,1|1,1|1,1|1,1|1,1|1,1|1,1|1,1|1,1|1,1^180
41^1^9^0^1,3|1,3|1,3|1,3|1,3|2,3|2,3|2,3|2,3|2,3^190
42^1^9^3^1,1|1,1|1,1|1,1|1,1|1,1|1,1|1,1|1,1|1,1^190
43^1^9^6^1,2|1,2|1,2|1,2|1,2|2,2|2,2|2,2|2,2|2,2^190
44^1^9^9^1,3|1,3|1,3|1,3|1,3|2,3|2,3|2,3|2,3|2,3^190
45^1^9^12^1,1|1,1|1,1|1,1|1,1|1,1|1,1|1,1|1,1|1,1^190
46^1^10^0^1,3|1,3|1,3|1,3|1,3|2,3|2,3|2,3|2,3|2,3^200
47^1^10^3^1,1|1,1|1,1|1,1|1,1|1,1|1,1|1,1|1,1|1,1^200
48^1^10^6^1,2|1,2|1,2|1,2|1,2|2,2|2,2|2,2|2,2|2,2^200
49^1^10^9^1,3|1,3|1,3|1,3|1,3|2,3|2,3|2,3|2,3|2,3^200
50^1^10^12^1,1|1,1|1,1|1,1|1,1|1,1|1,1|1,1|1,1|1,1^200
51^1^11^0^1,3|1,3|1,3|1,3|1,3|2,3|2,3|2,3|2,3|2,3^210
52^1^11^3^1,1|1,1|1,1|1,1|1,1|1,1|1,1|1,1|1,1|1,1^210
53^1^11^6^1,2|1,2|1,2|1,2|1,2|2,2|2,2|2,2|2,2|2,2^210
54^1^11^9^1,3|1,3|1,3|1,3|1,3|2,3|2,3|2,3|2,3|2,3^210
55^1^11^12^1,1|1,1|1,1|1,1|1,1|1,1|1,1|1,1|1,1|1,1^210
56^1^12^0^1,3|1,3|1,3|1,3|1,3|2,3|2,3|2,3|2,3|2,3^220
57^1^12^3^1,1|1,1|1,1|1,1|1,1|1,1|1,1|1,1|1,1|1,1^220
58^1^12^6^1,2|1,2|1,2|1,2|1,2|2,2|2,2|2,2|2,2|2,2^220
59^1^12^9^1,3|1,3|1,3|1,3|1,3|2,3|2,3|2,3|2,3|2,3^220
60^1^12^12^1,1|1,1|1,1|1,1|1,1|1,1|1,1|1,1|1,1|1,1^220
61^1^13^0^1,3|1,3|1,3|1,3|1,3|2,3|2,3|2,3|2,3|2,3^230
62^1^13^3^1,1|1,1|1,1|1,1|1,1|1,1|1,1|1,1|1,1|1,1^230
63^1^13^6^1,2|1,2|1,2|1,2|1,2|2,2|2,2|2,2|2,2|2,2^230
64^1^13^9^1,3|1,3|1,3|1,3|1,3|2,3|2,3|2,3|2,3|2,3^230
65^1^13^12^1,1|1,1|1,1|1,1|1,1|1,1|1,1|1,1|1,1|1,1^230
66^1^14^0^1,3|1,3|1,3|1,3|1,3|2,3|2,3|2,3|2,3|2,3^240
67^1^14^3^1,1|1,1|1,1|1,1|1,1|1,1|1,1|1,1|1,1|1,1^240
68^1^14^6^1,2|1,2|1,2|1,2|1,2|2,2|2,2|2,2|2,2|2,2^240
69^1^14^9^1,3|1,3|1,3|1,3|1,3|2,3|2,3|2,3|2,3|2,3^240
70^1^14^12^1,1|1,1|1,1|1,1|1,1|1,1|1,1|1,1|1,1|1,1^240
71^1^15^0^1,3|1,3|1,3|1,3|1,3|2,3|2,3|2,3|2,3|2,3^250
72^1^15^3^1,1|1,1|1,1|1,1|1,1|1,1|1,1|1,1|1,1|1,1^250
73^1^15^6^1,2|1,2|1,2|1,2|1,2|2,2|2,2|2,2|2,2|2,2^250
74^1^15^9^1,3|1,3|1,3|1,3|1,3|2,3|2,3|2,3|2,3|2,3^250
75^1^15^12^1,1|1,1|1,1|1,1|1,1|1,1|1,1|1,1|1,1|1,1^250
